M;Caucasus
A;Anapa-Vityazevo;-4447.8;244022.0;43.0;12;0
R;22;2.41746;-5412.4;243128.8;2629
P;-4427.9;243999.5;93;16
P;-5326.8;244542.6;92;68
P;-5354.7;244616.0;91;68
P;-5292.3;244747.2;90;68
P;-5239.4;244835.5;89;68
P;-5273.0;244631.8;88;68
P;-5211.4;244762.7;87;68
P;-5005.0;244854.0;86;68
P;-4880.4;244968.7;85;68
P;-4847.0;244870.7;84;68
P;-4931.7;244826.2;83;68
P;-4806.8;244941.4;82;68
P;-4751.1;244810.4;81;68
P;-4719.1;244710.1;80;68
P;-4999.9;244409.1;79;68
P;-4968.3;244309.8;78;68
P;-4932.5;244162.9;77;68
P;-4833.2;244254.3;76;68
P;-4758.5;244227.4;75;68
P;-4858.5;244134.1;74;68
P;-4792.0;244326.7;73;68
P;-4892.0;244234.6;72;68
P;-4926.9;244382.0;71;68
P;-5098.1;244854.8;70;68
P;-5045.9;244796.1;69;68
P;-5116.4;244752.3;68;68
P;-5206.5;244595.5;67;68
P;-5136.3;244639.6;66;68
P;-5669.7;242131.4;65;68
P;-5802.5;242106.8;64;68
P;-5695.8;242030.7;63;68
P;-5828.8;242005.6;62;68
P;-5742.7;242093.1;61;68
P;-5875.4;242068.2;60;68
P;-5751.3;241960.8;59;68
P;-5819.1;241880.7;58;68
P;-5927.3;241774.7;57;68
P;-5796.9;241737.2;56;68
P;-5913.7;241698.1;55;68
P;-5845.4;241776.5;54;68
P;-5736.3;241883.5;53;68
P;-5714.3;241738.6;52;68
P;-5783.4;241659.7;51;68
P;-5482.2;241466.2;50;68
P;-5518.6;241688.3;49;68
P;-5496.2;241544.0;48;68
P;-5450.5;241767.3;47;68
P;-5319.2;241730.3;46;68
P;-5413.5;241545.6;45;68
P;-5436.5;241690.8;44;68
P;-4557.6;244301.9;43;104
P;-4596.4;244347.7;42;104
P;-4635.2;244393.5;41;104
P;-4674.0;244439.2;40;104
P;-4712.9;244485.0;39;104
P;-4751.7;244530.7;38;104
P;-4790.4;244576.5;37;104
P;-5011.9;242993.8;36;104
P;-4967.1;243033.7;35;104
P;-4875.5;243114.5;34;104
P;-4922.3;243073.5;33;104
P;-4785.9;243194.3;32;104
P;-4830.8;243154.6;31;104
P;-4741.4;243234.6;30;104
P;-5342.5;242694.5;29;104
P;-5238.3;242788.0;28;104
P;-5253.1;242774.6;27;104
P;-5268.1;242761.2;26;104
P;-5282.7;242747.7;25;104
P;-5297.8;242734.5;24;104
P;-5312.8;242721.3;23;104
P;-5327.7;242708.0;22;104
P;-5461.9;242587.5;21;104
P;-5357.4;242681.2;20;104
P;-5372.2;242667.8;19;104
P;-5387.0;242654.4;18;104
P;-5401.9;242641.0;17;104
P;-5417.0;242627.9;16;104
P;-5431.9;242614.5;15;104
P;-5446.8;242601.1;14;104
P;-5521.3;242533.9;13;104
P;-5476.8;242574.1;12;104
P;-5491.7;242560.7;11;104
P;-5506.6;242547.3;10;104
P;-5581.1;242480.7;9;104
P;-5566.2;242494.1;8;104
P;-5536.4;242520.7;7;104
P;-5551.4;242507.4;6;104
P;-5388.5;241652.2;5;68
P;-5305.7;241654.0;4;68
P;-4696.5;243274.4;3;104
P;-5155.1;244536.3;2;68
P;-4829.5;244622.1;1;104
P;-6396.9;242258.1;0;16
A;Krasnodar-Center;11652.9;366766.3;30.0;13;0
R;9;-1.51744;11685.2;367933.5;2335
P;11623.0;366767.9;57;16
P;11747.5;369099.1;56;16
P;11282.9;368573.4;55;104
P;11279.5;368513.6;54;104
P;11276.5;368453.6;53;104
P;11273.9;368393.7;52;104
P;11270.5;368333.8;51;104
P;11266.9;368273.6;50;104
P;11238.3;367449.5;49;104
P;11237.5;367429.5;48;104
P;11236.4;367409.6;47;104
P;11235.3;367389.6;46;104
P;11234.3;367369.6;45;104
P;11233.0;367349.7;44;104
P;11232.3;367329.6;43;104
P;11231.4;367309.7;42;104
P;11230.7;367289.7;41;104
P;11229.7;367269.7;40;104
P;11228.4;367249.8;39;104
P;11227.4;367229.8;38;104
P;11226.2;367209.8;37;104
P;11225.3;367189.9;36;104
P;11224.3;367170.0;35;104
P;11223.1;367149.9;34;104
P;11221.3;367130.0;33;104
P;11492.4;369498.5;32;68
P;11459.4;369592.8;31;68
P;11533.9;369554.8;30;68
P;11646.3;369490.4;29;68
P;11613.0;369584.9;28;68
P;11687.5;369546.8;27;68
P;11599.9;369348.4;26;68
P;11634.1;369254.2;25;68
P;11559.0;369291.3;24;68
P;11476.2;369354.3;23;68
P;11509.2;369260.4;22;68
P;11435.4;369297.3;21;68
P;11348.1;369339.3;20;68
P;11333.4;369240.8;19;68
P;11285.5;369308.7;18;68
P;11293.0;369131.4;17;68
P;11214.5;369104.8;16;68
P;11250.4;369040.2;15;68
P;11116.9;369068.2;14;68
P;11105.1;368986.6;13;68
P;11178.3;368989.0;12;68
P;11046.2;368944.8;11;68
P;11034.8;368863.1;10;68
P;11107.9;368865.5;9;68
P;10974.9;368819.4;8;68
P;10963.4;368737.7;7;68
P;11036.4;368740.3;6;68
P;10902.3;368692.0;5;68
P;10890.5;368610.5;4;68
P;10964.0;368612.8;3;68
P;10828.6;368562.5;2;68
P;10817.0;368480.8;1;68
P;10890.1;368483.3;0;68
A;Novorossiysk;-40299.0;279853.5;40.0;14;0
R;22;2.40841;-40917.5;279256.1;1719
P;-40376.4;279226.2;39;68
P;-40298.4;279115.4;38;68
P;-40661.5;279022.3;37;68
P;-40583.4;278911.3;36;68
P;-40479.5;279203.9;35;68
P;-40401.8;279093.0;34;68
P;-40552.2;279074.2;33;68
P;-40764.9;279000.0;32;68
P;-40836.9;278869.9;31;68
P;-40686.7;278888.9;30;68
P;-40412.1;279156.5;29;68
P;-40334.1;279045.7;28;68
P;-40484.6;279027.0;27;68
P;-40562.7;279138.0;26;68
P;-40697.3;278952.7;25;68
P;-40847.5;278933.9;24;68
P;-40769.3;278822.6;23;68
P;-40619.1;278841.6;22;68
P;-40665.9;279115.8;21;68
P;-40587.8;279004.5;20;68
P;-40950.9;278911.5;19;68
P;-40872.6;278800.3;18;68
P;-41367.8;278605.1;17;104
P;-41268.2;278675.8;16;104
P;-41170.6;278745.5;15;104
P;-41073.0;278815.3;14;104
P;-41121.8;278780.5;13;104
P;-41219.3;278710.5;12;104
P;-41319.0;278640.0;11;104
P;-41416.6;278570.2;10;104
P;-40101.4;279715.6;9;104
P;-40102.8;279675.7;8;104
P;-40104.0;279635.7;7;104
P;-40105.4;279595.7;6;104
P;-40102.1;279695.7;5;104
P;-40103.4;279655.7;4;104
P;-40104.7;279615.7;3;104
P;-40106.0;279575.8;2;104
P;-40278.9;279831.2;1;16
P;-41556.1;278680.9;0;16
A;Krymsk;-7349.0;293712.0;20.0;15;0
R;4;-0.68975;-6576.5;294388.1;2052
P;-7705.4;293880.8;58;68
P;-7604.6;293912.7;57;68
P;-7676.2;293953.6;56;68
P;-7179.0;294729.3;55;104
P;-7263.7;294690.1;54;104
P;-7052.5;294497.8;53;104
P;-7183.7;294468.2;52;104
P;-7423.9;294415.0;51;104
P;-7514.4;294397.2;50;104
P;-7310.7;294292.1;49;104
P;-7392.7;294221.3;48;104
P;-7488.1;294142.7;47;104
P;-7561.8;294082.0;46;104
P;-7617.5;294310.0;45;104
P;-7640.4;294218.4;44;104
P;-7876.3;294240.3;43;104
P;-7730.9;293991.7;42;104
P;-7789.1;294061.6;41;104
P;-7885.7;293957.6;40;104
P;-7956.2;293896.2;39;104
P;-7997.2;294137.0;38;104
P;-7368.1;293735.1;37;16
P;-7572.3;293848.7;36;104
P;-7559.4;293833.4;35;104
P;-7546.8;293817.8;34;104
P;-7534.3;293802.2;33;104
P;-7508.9;293771.4;32;104
P;-7496.2;293755.9;31;104
P;-7483.4;293740.5;30;104
P;-7521.7;293786.8;29;104
P;-5784.9;295041.1;28;16
P;-5875.7;295276.4;27;104
P;-5837.6;295230.1;26;104
P;-5798.7;295184.3;25;104
P;-5757.5;295140.8;24;104
P;-8134.0;294086.8;23;68
P;-8061.2;294058.1;22;68
P;-8101.5;293986.2;21;68
P;-7877.4;294333.8;20;68
P;-7802.0;294350.4;19;68
P;-7794.2;294270.5;18;68
P;-7842.9;294460.1;17;68
P;-7767.9;294477.6;16;68
P;-7759.8;294398.2;15;68
P;-7042.9;294855.2;14;68
P;-6979.0;294810.0;13;68
P;-7035.2;294749.7;12;68
P;-6689.1;295104.2;11;68
P;-6633.4;295049.3;10;68
P;-6698.4;294999.1;9;68
P;-6523.6;295156.2;8;68
P;-6467.8;295101.3;7;68
P;-6532.6;295051.1;6;68
P;-6349.3;295142.5;5;68
P;-6276.6;295112.7;4;68
P;-6318.0;295041.5;3;68
P;-6170.2;295289.6;2;68
P;-6097.5;295259.9;1;68
P;-6139.0;295188.7;0;68
A;Maykop-Khanskaya;-27625.9;457047.7;180.0;16;1
R;4;-0.68067;-26437.3;458048.8;3108
P;-25229.7;459026.7;58;16
P;-27644.8;457071.0;57;16
P;-27914.0;457607.9;56;104
P;-27890.8;457663.2;55;104
P;-27936.6;457552.3;54;104
P;-27959.3;457496.8;53;104
P;-27981.6;457441.0;52;104
P;-27405.0;457881.9;51;104
P;-27416.2;457865.4;50;104
P;-27426.9;457848.4;49;104
P;-27438.7;457832.1;48;104
P;-27479.7;457806.0;47;104
P;-27499.4;457802.8;46;104
P;-27519.4;457800.0;45;104
P;-27539.1;457796.6;44;104
P;-27558.8;457793.7;43;104
P;-27578.4;457789.9;42;104
P;-26451.4;458525.3;41;104
P;-26433.3;458533.6;40;104
P;-26415.2;458542.1;39;104
P;-26669.2;458425.1;38;104
P;-26651.0;458433.6;37;104
P;-26632.8;458441.8;36;104
P;-26614.5;458450.0;35;104
P;-26596.4;458458.5;34;104
P;-26578.3;458466.8;33;104
P;-26560.1;458475.1;32;104
P;-26541.8;458483.7;31;104
P;-26523.6;458492.0;30;104
P;-26505.4;458500.2;29;104
P;-26487.3;458508.4;28;104
P;-26469.3;458516.9;27;104
P;-26343.8;458863.8;26;104
P;-26350.7;458845.0;25;104
P;-26358.0;458826.4;24;104
P;-26365.3;458807.7;23;104
P;-26372.2;458789.0;22;104
P;-26379.3;458770.3;21;104
P;-26386.5;458751.6;20;104
P;-26393.5;458732.7;19;104
P;-26400.6;458714.1;18;104
P;-26407.9;458695.4;17;104
P;-26415.0;458676.9;16;104
P;-26421.9;458658.2;15;104
P;-27552.3;457640.3;14;104
P;-27121.5;458048.0;13;104
P;-27190.4;457932.2;12;104
P;-27368.2;458046.2;11;104
P;-27294.6;458158.1;10;104
P;-27182.2;458288.1;9;104
P;-26952.5;458206.9;8;104
P;-26733.0;458333.5;7;104
P;-26968.1;458456.7;6;104
P;-26820.9;458524.9;5;104
P;-25982.9;459108.4;4;104
P;-25956.6;458904.4;3;104
P;-26161.5;458825.4;2;104
P;-26161.7;459066.2;1;104
P;-26260.5;459009.1;0;104
A;Gelendzhik;-50995.6;297848.8;22.0;17;0
R;1;-0.69851;-50378.6;298406.2;1662
P;-51014.9;297871.8;14;16
P;-49742.3;298940.5;13;16
P;-50012.7;298466.9;12;104
P;-50059.0;298428.8;11;104
P;-50105.0;298390.2;10;104
P;-50435.8;298121.2;9;104
P;-50451.7;298108.4;8;104
P;-50466.9;298095.4;7;104
P;-50482.2;298082.5;6;104
P;-50497.5;298069.8;5;104
P;-50512.8;298056.9;4;104
P;-50528.1;298044.0;3;104
P;-50543.5;298031.2;2;104
P;-50558.8;298018.3;1;104
P;-50574.2;298005.6;0;104
A;Sochi-Adler;-165163.3;460901.5;30.0;18;0
R;6;-1.08191;-164496.5;462218.9;2952
P;-163972.1;463561.1;69;68
P;-164073.4;463505.7;68;68
P;-164173.0;463451.0;67;68
P;-163959.9;463455.9;66;68
P;-164061.3;463400.9;65;68
P;-164161.9;463346.4;64;68
P;-164025.7;463498.3;63;68
P;-164127.2;463443.5;62;68
P;-164226.9;463389.7;61;68
P;-164261.8;463291.9;60;68
P;-164327.6;463334.7;59;68
P;-164273.8;463397.0;58;68
P;-164831.8;463060.2;57;68
P;-163803.2;463522.2;56;16
P;-163871.5;462905.3;55;104
P;-163928.0;462799.4;54;104
P;-163984.4;462693.4;53;104
P;-164041.0;462587.6;52;104
P;-164097.6;462481.8;51;104
P;-164154.0;462375.8;50;104
P;-164210.4;462269.9;49;104
P;-164295.3;462110.8;48;104
P;-164370.8;461969.7;47;104
P;-164427.1;461863.8;46;104
P;-163899.7;462852.2;45;104
P;-163956.2;462746.3;44;104
P;-164012.8;462640.6;43;104
P;-164069.1;462534.6;42;104
P;-164125.9;462428.8;41;104
P;-164182.2;462322.9;40;104
P;-164238.9;462216.7;39;104
P;-164267.2;462163.8;38;104
P;-164342.5;462022.7;37;104
P;-164398.9;461916.7;36;104
P;-164455.7;461810.3;35;104
P;-164483.7;461757.6;34;104
P;-164512.0;461704.6;33;104
P;-164838.8;461130.2;32;104
P;-164848.2;461112.5;31;104
P;-164857.5;461094.9;30;104
P;-164866.8;461077.2;29;104
P;-164876.2;461059.5;28;104
P;-164885.5;461041.8;27;104
P;-164894.8;461024.1;26;104
P;-164904.2;461006.4;25;104
P;-164913.5;460988.7;24;104
P;-164922.9;460971.0;23;104
P;-164932.1;460953.3;22;104
P;-164941.5;460935.6;21;104
P;-164950.8;460917.9;20;104
P;-164960.1;460900.2;19;104
P;-164969.4;460882.5;18;104
P;-164980.2;460863.2;17;104
P;-164989.5;460845.5;16;104
P;-164998.8;460827.8;15;104
P;-165189.8;460915.6;14;16
P;-164777.9;463122.8;13;68
P;-164766.0;463017.7;12;68
P;-164676.8;463177.6;11;68
P;-164730.8;463115.3;10;68
P;-164664.9;463072.7;9;68
P;-164576.5;463232.2;8;68
P;-164630.3;463169.9;7;68
P;-164564.5;463127.2;6;68
P;-164476.1;463286.9;5;68
P;-164530.1;463224.5;4;68
P;-164464.3;463181.7;3;68
P;-164374.1;463342.3;2;68
P;-164427.8;463280.0;1;68
P;-164362.1;463237.3;0;68
A;Krasnodar-Pashkovsky;8706.8;388985.7;34.0;19;0
R;23;2.32030;7717.6;387878.8;2968
P;8728.8;388965.3;20;16
P;6706.5;386792.3;19;16
P;7078.2;386882.0;18;104
P;6873.3;386659.1;17;104
P;6913.8;386703.5;16;104
P;6954.7;386747.5;15;104
P;6995.5;386791.4;14;104
P;7036.2;386835.4;13;104
P;8158.8;388037.4;12;104
P;7912.9;387770.7;11;104
P;7953.9;387814.4;10;104
P;7994.4;387858.8;9;104
P;8035.2;387902.8;8;104
P;8076.0;387946.7;7;104
P;8116.8;387990.7;6;104
P;8648.2;388559.3;5;104
P;8689.2;388603.0;4;104
P;8729.7;388647.4;3;104
P;8770.5;388691.3;2;104
P;8811.3;388735.3;1;104
P;8852.1;388779.3;0;104
A;Sukhumi-Babushara;-221381.7;565908.8;13.3;20;0
R;30;1.10849;-220592.3;564392.0;3419
P;-219798.9;564328.9;24;104
P;-219803.0;564289.2;23;104
P;-219807.2;564249.4;22;104
P;-219811.4;564209.8;21;104
P;-219815.6;564169.9;20;104
P;-219819.8;564130.1;19;104
P;-219718.2;564316.4;18;104
P;-219722.4;564276.6;17;104
P;-219726.5;564236.8;16;104
P;-219730.5;564199.9;15;104
P;-219753.4;564175.3;14;104
P;-219757.0;564136.2;13;104
P;-219761.2;564096.4;12;104
P;-219765.4;564056.6;11;104
P;-219769.5;564016.9;10;104
P;-219773.7;563977.1;9;104
P;-219729.5;563926.5;8;104
P;-219701.3;563868.4;7;104
P;-219720.8;563720.4;6;104
P;-219791.3;563716.5;5;104
P;-219930.9;563648.7;4;104
P;-219907.5;563580.2;3;104
P;-219883.6;563502.8;2;104
P;-221354.8;565922.1;1;16
P;-219829.8;562861.8;0;16
A;Gudauta;-195650.5;515898.8;21.0;21;0
R;15;-2.63550;-196710.1;516451.7;2390
P;-197711.1;516348.8;32;104
P;-195665.1;515872.5;31;16
P;-197755.1;517030.9;30;16
P;-197889.9;516728.8;29;104
P;-197864.0;516674.6;28;104
P;-197838.5;516620.3;27;104
P;-197813.0;516566.0;26;104
P;-197787.2;516511.8;25;104
P;-197762.1;516457.4;24;104
P;-197736.2;516403.2;23;104
P;-197684.6;516294.8;22;104
P;-197659.2;516240.6;21;104
P;-196667.3;515903.2;20;68
P;-196576.6;515807.6;19;68
P;-196565.1;515889.5;18;68
P;-196722.5;515802.7;17;68
P;-196631.9;515707.1;16;68
P;-196620.4;515789.0;15;68
P;-196777.4;515702.4;14;68
P;-196675.5;515688.8;13;68
P;-196686.8;515606.9;12;68
P;-196331.6;515777.6;11;68
P;-196433.7;515791.3;10;68
P;-196422.2;515873.2;9;68
P;-196386.8;515677.1;8;68
P;-196488.9;515690.8;7;68
P;-196477.5;515772.8;6;68
P;-196441.9;515577.0;5;68
P;-196543.9;515590.7;4;68
P;-196532.3;515672.6;3;68
P;-196587.8;515571.7;2;68
P;-196599.3;515489.8;1;68
P;-196497.4;515476.1;0;68
A;Batumi;-356437.2;618210.9;10.0;22;0
R;31;0.95013;-355810.7;617386.2;2070
P;-356017.9;618172.2;11;104
P;-356004.4;618154.3;10;104
P;-355990.9;618136.9;9;104
P;-355977.7;618118.8;8;104
P;-356108.2;618207.8;7;104
P;-355962.5;618097.1;6;104
P;-356142.8;618264.4;5;104
P;-356168.2;618351.0;4;104
P;-356101.8;618304.8;3;104
P;-356069.6;618234.9;2;104
P;-355208.7;616544.1;1;16
P;-356412.8;618228.3;0;16
A;Senaki-Kolkhi;-281903.1;648379.1;13.2;23;0
R;27;1.48864;-281782.5;647279.5;2212
P;-281610.3;648369.1;69;68
P;-281500.2;648225.0;68;68
P;-281616.0;648119.2;67;68
P;-281636.3;648071.5;66;104
P;-281665.1;648068.1;65;104
P;-281693.1;648065.1;64;104
P;-281724.8;648062.6;63;104
P;-281414.7;648104.5;62;104
P;-281522.6;648102.4;61;104
P;-281482.8;648004.6;60;104
P;-281618.4;647993.4;59;68
P;-281634.5;647900.1;58;68
P;-281588.6;647856.4;57;68
P;-281477.2;647863.6;56;68
P;-281442.4;647819.0;55;68
P;-281615.1;647805.4;54;68
P;-281612.6;647714.2;53;68
P;-281460.3;647672.7;52;68
P;-281573.3;647673.0;51;68
P;-281427.6;647634.8;50;68
P;-281347.4;647393.6;49;68
P;-281378.1;647356.6;48;68
P;-281393.7;647266.5;47;68
P;-281330.3;647251.8;46;68
P;-281395.3;647403.5;45;68
P;-281437.5;647454.7;44;68
P;-281387.4;647558.4;43;68
P;-281335.4;647508.0;42;104
P;-281289.8;647459.1;41;68
P;-281245.2;647435.4;40;68
P;-281148.0;647346.5;39;68
P;-281098.8;647314.1;38;68
P;-281254.5;647279.8;37;68
P;-281263.3;647204.1;36;68
P;-281271.1;647118.2;35;68
P;-281200.5;647119.1;34;68
P;-281129.1;647207.0;33;68
P;-281153.9;647160.0;32;68
P;-281169.8;647061.6;31;68
P;-281204.1;646986.8;30;68
P;-281245.8;646916.7;29;68
P;-281289.9;646985.0;28;68
P;-281335.5;646973.8;27;68
P;-281383.8;646924.7;26;68
P;-281348.4;646881.1;25;68
P;-281386.6;646840.8;24;68
P;-281504.6;646733.1;23;68
P;-281385.5;646762.5;22;68
P;-281276.8;646357.1;21;68
P;-281211.3;646333.3;20;68
P;-281215.9;646252.0;19;68
P;-281233.1;646211.2;18;68
P;-281292.0;646183.8;17;68
P;-281357.6;646097.2;16;68
P;-281398.8;646179.9;15;68
P;-281475.8;646396.2;14;68
P;-281016.2;646954.1;13;68
P;-281111.0;646869.6;12;68
P;-281190.3;646854.1;11;104
P;-281191.6;646756.2;10;68
P;-281277.9;646757.9;9;104
P;-281336.7;646693.1;8;104
P;-281358.9;646600.4;7;68
P;-281518.0;646476.8;6;104
P;-281489.9;646523.7;5;104
P;-281562.3;646425.1;4;104
P;-281456.2;646561.9;3;104
P;-281607.3;646373.2;2;104
P;-281691.7;646177.4;1;16
P;-281873.2;648381.6;0;16
A;Kobuleti;-317604.9;636704.1;18.0;24;0
R;25;1.91940;-317962.3;635633.0;2258
P;-318191.5;635663.3;43;104
P;-318202.0;635635.1;42;104
P;-318212.3;635607.1;41;104
P;-318222.5;635578.8;40;104
P;-318232.6;635550.6;39;104
P;-318242.9;635522.3;38;104
P;-318253.2;635494.2;37;104
P;-318274.2;635424.7;36;104
P;-318280.8;635395.4;35;104
P;-318287.8;635366.2;34;104
P;-318294.4;635337.2;33;104
P;-318301.1;635307.9;32;104
P;-318308.0;635278.5;31;104
P;-318314.6;635249.2;30;104
P;-318321.0;635219.9;29;104
P;-318328.2;635190.9;28;104
P;-318082.7;635952.9;27;104
P;-318103.3;635896.6;26;104
P;-318123.4;635840.1;25;104
P;-318144.2;635783.7;24;104
P;-318165.3;635727.5;23;104
P;-318087.6;636235.9;22;68
P;-318026.9;636253.0;21;68
P;-318022.5;636169.4;20;68
P;-318001.1;636473.1;19;68
P;-317940.4;636490.2;18;68
P;-317935.9;636407.9;17;68
P;-317884.2;636664.6;16;104
P;-317688.1;636897.1;15;104
P;-317854.4;636854.7;14;104
P;-317573.6;635851.8;13;68
P;-317611.2;635748.1;12;68
P;-317648.9;635645.0;11;68
P;-317686.5;635541.2;10;68
P;-317482.3;635756.4;9;68
P;-317519.9;635652.9;8;68
P;-317557.5;635549.2;7;68
P;-317595.1;635445.9;6;68
P;-317652.4;635288.2;5;68
P;-317776.7;635293.0;4;68
P;-317748.4;635096.6;3;104
P;-317882.4;635012.9;2;104
P;-317576.7;636693.9;1;16
P;-318347.9;634572.1;0;16
A;Kutaisi;-284582.8;685029.6;45.0;25;2
R;25;1.85006;-284887.4;683858.8;2419
P;-285764.0;682928.2;59;104
P;-285950.6;683030.1;58;104
P;-286148.0;683066.3;57;104
P;-285900.2;682753.6;56;104
P;-286045.8;682836.9;55;104
P;-285220.8;682696.1;54;16
P;-284554.0;685021.4;53;16
P;-284307.9;684777.8;52;68
P;-284341.2;684662.3;51;68
P;-284373.9;684546.8;50;68
P;-284388.5;684358.6;49;68
P;-284368.5;684240.2;48;68
P;-284349.0;684121.8;47;68
P;-284351.6;684022.4;46;68
P;-284384.7;683906.9;45;68
P;-284417.8;683791.7;44;68
P;-284459.5;683644.5;43;68
P;-284492.6;683529.1;42;68
P;-284525.7;683413.8;41;68
P;-284582.0;683330.1;40;68
P;-284661.6;683240.2;39;68
P;-284741.1;683150.5;38;68
P;-284824.2;682976.7;37;68
P;-284857.5;682861.4;36;68
P;-284890.6;682746.1;35;68
P;-284295.4;683691.2;34;104
P;-284303.9;683662.4;33;104
P;-284312.2;683633.7;32;104
P;-284320.3;683604.9;31;104
P;-284328.5;683575.9;30;104
P;-284336.9;683547.0;29;104
P;-284345.0;683518.2;28;104
P;-284353.3;683489.3;27;104
P;-284361.6;683460.6;26;104
P;-284369.9;683431.6;25;104
P;-284378.1;683402.8;24;104
P;-284386.8;683373.9;23;104
P;-284134.5;684728.4;22;68
P;-284167.5;684612.9;21;68
P;-284200.8;684497.8;20;68
P;-284210.9;684388.8;19;68
P;-284191.0;684270.3;18;68
P;-284171.2;684151.9;17;68
P;-284178.2;683973.1;16;68
P;-284211.2;683857.8;15;68
P;-284244.3;683742.3;14;68
P;-284446.8;683211.0;13;68
P;-284526.3;683121.2;12;68
P;-284605.8;683031.3;11;68
P;-284650.9;682927.4;10;68
P;-284684.0;682812.1;9;68
P;-284717.1;682696.7;8;68
P;-283964.4;685176.3;7;104
P;-283997.0;684974.2;6;104
P;-284206.9;685057.4;5;104
P;-284107.0;685163.0;4;104
P;-284488.5;682490.8;3;104
P;-284525.5;682446.1;2;104
P;-284565.9;682401.0;1;104
P;-284604.8;682356.2;0;104
A;Mineralnye Vody;-52089.5;707418.1;320.0;26;1
R;30;1.12906;-51260.0;705734.0;3754
P;-52062.4;707430.9;29;16
P;-50457.5;704037.2;28;16
P;-51745.4;705864.2;27;104
P;-51732.5;705837.1;26;104
P;-51719.6;705810.1;25;104
P;-51706.6;705783.1;24;104
P;-51694.1;705755.8;23;104
P;-51680.9;705728.8;22;104
P;-51668.2;705701.8;21;104
P;-51655.3;705674.8;20;104
P;-51642.3;705647.5;19;104
P;-51629.6;705620.2;18;104
P;-51616.5;705593.4;17;104
P;-51603.9;705566.1;16;104
P;-51590.7;705539.3;15;104
P;-51772.2;705917.8;14;104
P;-51798.2;705971.9;13;104
P;-51823.8;706026.2;12;104
P;-51849.6;706080.3;11;104
P;-51875.1;706134.6;10;104
P;-51901.0;706188.8;9;104
P;-51927.1;706242.8;8;104
P;-51952.9;706296.9;7;104
P;-51978.4;706351.2;6;104
P;-52004.2;706405.6;5;104
P;-52029.7;706459.8;4;104
P;-52055.5;706514.0;3;104
P;-52081.3;706568.2;2;104
P;-52107.9;706621.9;1;104
P;-52132.3;706676.9;0;104
A;Nalchik;-125487.6;759560.1;430.0;27;0
R;6;-0.96863;-124932.2;760421.2;2048
P;-124352.0;761265.2;16;16
P;-125298.5;760622.0;15;104
P;-125170.0;760824.4;14;104
P;-125235.0;760723.9;13;104
P;-125267.5;760673.3;12;104
P;-125201.5;760773.7;11;104
P;-125332.5;760572.4;10;104
P;-125349.5;760547.6;9;104
P;-125366.4;760522.9;8;104
P;-125383.5;760498.2;7;104
P;-125400.5;760473.5;6;104
P;-125417.5;760448.8;5;104
P;-125434.4;760424.1;4;104
P;-125451.4;760399.3;3;104
P;-125468.4;760374.6;2;104
P;-125485.4;760349.9;1;104
P;-125512.3;759577.1;0;16
A;Mozdok;-83329.8;835634.7;154.6;28;1
R;26;1.69873;-83450.4;834461.8;2357
P;-83760.6;835549.7;40;104
P;-83717.0;835330.4;39;104
P;-83765.0;835046.7;38;104
P;-83880.1;835277.3;37;104
P;-83893.8;835169.2;36;104
P;-83920.7;834962.1;35;104
P;-83934.9;834858.8;34;104
P;-83947.3;834754.4;33;104
P;-83960.6;834654.1;32;104
P;-83973.8;834548.8;31;104
P;-83987.3;834443.6;30;104
P;-83873.9;835326.1;29;104
P;-83886.3;835222.7;28;104
P;-83899.8;835118.6;27;104
P;-83913.2;835014.4;26;104
P;-83926.6;834910.2;25;104
P;-83940.0;834806.1;24;104
P;-83953.4;834702.0;23;104
P;-83966.7;834597.8;22;104
P;-83980.3;834493.8;21;104
P;-83993.8;834389.6;20;104
P;-84020.7;834181.3;19;104
P;-84034.0;834077.2;18;104
P;-84060.8;833868.9;17;104
P;-84067.2;833603.9;16;104
P;-83959.8;833464.9;15;104
P;-83930.3;833278.4;14;104
P;-83941.1;833133.7;13;104
P;-83952.6;833011.8;12;104
P;-83973.5;832792.6;11;104
P;-85074.9;832018.6;10;104
P;-85087.9;831900.4;9;104
P;-85116.2;831784.7;8;104
P;-85246.8;831859.6;7;104
P;-85213.3;831977.8;6;104
P;-85269.1;832171.0;5;104
P;-85226.8;832297.2;4;104
P;-85129.6;832223.8;3;104
P;-83300.0;835630.9;2;16
P;-83600.8;833292.7;1;16
P;-84047.3;833973.1;0;104
A;Tbilisi-Lochini;-314926.2;895724.0;479.7;29;0
R;13;-2.23341;-315671.1;896629.8;2345
P;-314901.2;896415.9;75;104
P;-314949.9;895705.6;74;16
P;-316392.2;897554.0;73;16
P;-314249.3;895478.2;72;72
P;-314326.1;895514.6;71;72
P;-314370.1;895537.4;70;72
P;-314338.9;895633.4;69;72
P;-314367.2;895611.3;68;72
P;-314395.3;895589.8;67;72
P;-314422.6;895567.9;66;72
P;-314461.5;895661.9;65;40
P;-314492.9;895709.6;64;40
P;-314522.7;895758.1;63;40
P;-314553.3;895809.1;62;40
P;-314266.5;895797.9;61;72
P;-314299.7;895768.1;60;72
P;-314325.0;895744.9;59;72
P;-314481.5;895824.2;58;72
P;-314421.8;895757.2;57;72
P;-314256.8;896018.1;56;72
P;-314384.9;895827.2;55;72
P;-314342.1;895861.8;54;72
P;-314310.3;895892.6;53;72
P;-314273.6;895919.9;52;72
P;-314242.2;895946.4;51;72
P;-314337.7;895990.2;50;72
P;-314372.7;895962.0;49;72
P;-314404.6;895930.1;48;72
P;-314940.4;896390.1;47;72
P;-314950.5;896481.1;46;104
P;-314979.1;896461.1;45;104
P;-315041.2;896523.9;44;104
P;-315015.9;896539.0;43;104
P;-314990.9;896554.9;42;104
P;-314768.0;896496.5;41;104
P;-314742.7;896524.1;40;104
P;-314709.1;896537.3;39;104
P;-314888.8;896553.6;38;104
P;-314859.5;896574.4;37;104
P;-314830.2;896594.9;36;72
P;-314800.4;896614.9;35;104
P;-314770.9;896635.1;34;72
P;-314884.1;896800.4;33;72
P;-314943.4;896760.2;32;72
P;-314913.6;896780.1;31;104
P;-315002.2;896719.1;30;104
P;-314972.8;896739.6;29;104
P;-314945.7;896636.7;28;104
P;-314916.2;896657.2;27;104
P;-314890.0;896683.0;26;104
P;-314857.4;896697.8;25;104
P;-314830.7;896723.2;24;104
P;-314997.2;896965.4;23;72
P;-315056.5;896925.1;22;72
P;-315026.8;896945.1;21;104
P;-315115.3;896884.0;20;104
P;-315085.8;896904.8;19;104
P;-315058.7;896801.6;18;104
P;-315029.3;896822.3;17;104
P;-315003.8;896849.8;16;104
P;-314970.3;896862.8;15;104
P;-314944.4;896889.8;14;104
P;-315171.5;896966.4;13;104
P;-315142.2;896987.0;12;104
P;-315116.1;897014.2;11;104
P;-315083.2;897027.4;10;104
P;-315056.8;897054.6;9;104
P;-315110.0;897130.2;8;72
P;-315139.6;897109.9;7;104
P;-315169.3;897090.0;6;72
P;-315198.7;897069.5;5;104
P;-315227.9;897048.8;4;104
P;-315254.8;897151.3;3;104
P;-315225.5;897172.0;2;104
P;-315196.2;897192.4;1;104
P;-315166.3;897212.5;0;104
A;Soganlug;-318657.0;896274.9;449.4;30;0
R;14;0.83330;-317828.1;895407.2;2399
P;-317021.3;894519.2;6;16
P;-317122.8;894202.6;5;104
P;-318054.1;895426.2;4;104
P;-318524.4;895803.6;3;104
P;-318634.8;896295.1;2;16
P;-317995.3;895361.3;1;104
P;-318023.5;895394.6;0;104
A;Vaziani;-318191.7;902331.8;464.5;31;0
R;13;-2.36446;-319064.9;903148.5;2391
P;-319596.0;904221.8;93;104
P;-318166.7;902592.9;92;104
P;-318125.3;902550.1;91;104
P;-318089.1;902515.2;90;104
P;-318047.5;902476.8;89;104
P;-319622.6;904241.8;88;104
P;-319838.2;904184.4;87;104
P;-319857.5;904158.4;86;104
P;-319819.5;904208.6;85;104
P;-319752.4;904274.7;84;104
P;-319783.8;904239.8;83;104
P;-319917.0;903986.7;82;16
P;-318212.8;902310.4;81;16
P;-319295.4;903965.8;80;104
P;-319222.6;903907.4;79;104
P;-318695.1;903248.3;78;68
P;-318912.2;903856.2;77;104
P;-319442.2;904088.3;76;104
P;-319512.0;904151.6;75;104
P;-319560.8;904094.1;74;72
P;-319487.3;904034.0;73;68
P;-319429.3;903957.2;72;68
P;-319389.5;903909.8;71;72
P;-319340.8;903865.8;70;72
P;-319285.7;903837.4;69;68
P;-319292.7;904101.6;68;68
P;-319250.7;904141.8;67;68
P;-319184.0;904159.9;66;68
P;-318992.5;904258.6;65;72
P;-319044.2;904305.1;64;72
P;-319098.2;904228.2;63;68
P;-319120.8;904181.4;62;72
P;-319132.6;904130.4;61;68
P;-319216.1;904052.6;60;68
P;-319164.5;904037.1;59;72
P;-319119.7;904039.7;58;68
P;-319025.0;903982.6;57;68
P;-319190.8;903806.9;56;68
P;-319125.0;903882.9;55;104
P;-319135.5;903787.5;54;68
P;-319027.1;903912.3;53;72
P;-319074.1;903772.4;52;68
P;-319009.7;903764.9;51;68
P;-318953.8;903771.2;50;68
P;-318846.4;903816.2;49;72
P;-318912.1;903689.8;48;68
P;-318777.9;903751.3;47;68
P;-318648.4;903680.3;46;68
P;-318823.4;903642.9;45;72
P;-318800.0;903598.6;44;68
P;-318834.6;903551.6;43;68
P;-318751.7;903512.0;42;68
P;-318710.6;903551.1;41;68
P;-318569.0;903563.6;40;68
P;-318488.0;903509.6;39;68
P;-318604.1;903415.8;38;68
P;-318485.1;903378.4;37;68
P;-318477.3;903285.5;36;68
P;-318593.4;903322.8;35;68
P;-318626.2;903245.6;34;72
P;-318595.2;903209.1;33;68
P;-318461.7;903209.9;32;68
P;-318517.4;903106.9;31;68
P;-318377.9;903160.8;30;68
P;-318389.4;903089.3;29;68
P;-318468.3;902994.4;28;68
P;-318306.4;902973.3;27;104
P;-318372.6;902882.9;26;68
P;-318318.9;902844.0;25;68
P;-318237.1;902905.0;24;104
P;-318249.5;902735.6;23;68
P;-318160.1;902843.5;22;68
P;-318176.5;902711.5;21;68
P;-317856.9;903264.6;20;68
P;-317815.4;903196.4;19;72
P;-317772.6;903187.5;18;68
P;-317767.8;903282.0;17;68
P;-317517.3;903209.0;16;68
P;-317588.2;903266.1;15;68
P;-317586.1;903167.9;14;72
P;-317627.8;903180.2;13;68
P;-317627.3;902842.8;12;68
P;-317696.0;902801.8;11;72
P;-317698.1;902899.9;10;68
P;-317737.9;902814.2;9;68
P;-317949.7;902877.8;8;68
P;-317878.0;902913.3;7;68
P;-317837.4;902898.0;6;72
P;-317883.0;902815.7;5;68
P;-317868.8;902585.9;4;68
P;-317921.4;902608.3;3;68
P;-317935.3;902716.6;2;72
P;-317991.9;902709.9;1;68
P;-318059.7;902639.1;0;68
A;Beslan;-148472.4;842251.8;524.0;32;0
R;10;-1.63262;-148590.2;843668.6;2843
P;-148502.3;842249.9;16;16
P;-148678.0;845087.4;15;16
P;-148875.2;843607.4;14;104
P;-148845.3;843609.3;13;104
P;-148815.4;843611.1;12;104
P;-148868.5;843496.4;11;104
P;-148838.5;843498.1;10;104
P;-148855.9;843785.1;9;104
P;-148860.9;843863.8;8;104
P;-148866.1;843948.6;7;104
P;-148852.2;843744.1;6;104
P;-148857.7;843824.1;5;104
P;-148863.8;843906.8;4;104
P;-148868.5;843988.6;3;104
P;-148870.8;844028.6;2;104
P;-148873.3;844068.4;1;104
P;-148875.8;844108.4;0;104
